1 2410 1220
3 2520 1210
9 4056 2895
8 4965 2510
7 5254 3236
8 4480 3514
7 5496 3664
11 416 1986
11 898 2231
11 1137 2422
11 1808 2423
11 1762 2806
11 1954 2019
11 2290 1878
11 2532 1541
11 2819 1299
11 3298 1509
11 3633 1559
11 4643 1252
11 4883 1009
3 394 1070
3 168 1032
3 64 1368
3 676 1450
3 1086 1826
3 72 1876
3 406 1384
3 502 2136
3 218 1626
3 978 1524
3 388 2502
3 58 2464
3 1166 2654
3 378 72
3 220 308
3 406 378
3 54 606
3 266 780
3 786 82
3 1482 106
3 1800 52
3 2042 180
3 2020 446
3 1926 742
3 1432 422
3 1688 668
3 1388 848
3 1622 1036
3 1706 1406
3 1394 1310
3 1772 1670
3 1386 1822
3 1138 536
3 4596 332
3 4884 74
3 5756 116
3 5826 554
3 5568 1130
3 5754 1682
3 5250 1664
3 4800 1832
3 4164 1712
3 3072 1718
3 3606 1844
3 4416 2126
3 5064 2222
3 5484 2234
3 5808 2588
3 3984 2306
3 4494 2624
3 3852 2870
3 3384 3374
3 5652 3114
3 5814 3736
3 3888 3554
3 3534 3840
3 3396 4248
3 820 612
3 4832 3114
4 870 1724
4 1230 1558
4 272 2100
4 224 2668
4 1466 1594
4 1818 1168
4 1510 660
4 1854 306
4 1666 28
4 1212 134
4 694 362
4 1030 844
4 776 924
4 1128 1230
4 886 1216
4 5520 706
4 5094 1396
4 5904 1330
4 5526 1924
4 5442 2596
4 5970 3256
4 3744 3196
4 3672 2362
4 4116 1978
4 3246 1984
4 4882 2916
4 5294 3164
4 5666 3508
4 5146 3517
4 4854 3520
4 4502 2915
4 4430 3408
4 4324 3663
5 1072 2532
5 1264 2616
5 1490 2826
5 1736 2976
5 1290 2904
5 1162 2998
5 1162 2998
5 1338 3132
5 1510 3174
5 982 3178
5 974 3674
5 1232 3468
5 1552 3460
5 1966 3398
5 1746 3670
5 1972 3693
5 2260 3664
5 1624 3856
5 1442 4030
5 1948 3908
5 2140 3902
5 1374 4272
5 1594 4224
5 1840 4106
5 2340 4092
5 3025 4352
5 2796 4410
5 2358 4406
5 2122 4350
5 2164 4734
5 1894 4642
5 1772 4392
5 1612 4462
5 5481 4376
5 5709 4672
5 5393 4808
5 5941 4372
5 6021 4912
5 5929 5136
5 5897 5476
5 5873 6048
5 5393 5972
5 5457 6320
12 2901 2330
12 1586 5488
12 2037 5550
12 2012 5866
12 2410 5864
12 2933 5745
12 2665 6104
12 2339 6217
12 2051 6131
13 3117 2326
13 1743 5652
13 2210 5758
13 2725 5882
13 2534 6041
13 2258 6026
13 1879 5834
12 284 5878
12 596 5692
12 1142 5857
12 755 5944
12 1352 6139
12 1028 6259
12 692 6223
12 410 6340
12 1283 6448
12 989 6708
12 1433 6772
12 227 6730
12 578 6820
12 920 7102
12 416 7246
12 1283 7192
12 1835 6958
12 2405 7225
12 2603 6976
12 2375 6715
12 5050 6232
12 4682 6364
12 4614 6736
12 4098 6564
12 4262 7104
12 3998 7336
12 3674 6828
12 3462 7284
12 3330 6728
12 2988 7056
12 3214 6360
12 3402 5852
12 4086 5632
12 4486 5792
13 5045 6550
13 4445 6618
13 4645 6990
13 4093 6890
13 3737 6542
13 3809 7254
13 3361 7066
13 3145 7398
13 3873 5690
13 496 6122
13 1162 6023
13 901 6473
13 1057 7367
13 781 7229
13 649 7043
13 571 6596
13 319 6986
13 2332 6956
13 2053 7121
13 1743 5652
13 3117 2326
13 1276 6269
13 1306 6653
13 1177 6917
13 1558 7004
2205 6588 144 37
